Ala	71.0371	90.0550												
Asn	114.0429	87.0553	133.0608											
Asp	115.0269	88.0393	134.0448											
Cys	103.0092	122.0270												
Glu	129.0426	84.0444	130.0499	148.0605											
Gln	128.0586	84.0444	129.0659	130.0499	147.0764											
His	137.0589	110.0713	156.0768										
Leu/Ile	113.0841	86.0964	132.1019									
Lys	128.0950	84.0808	129.1023	130.0863	147.1128												
Met	131.0405	104.0529	133.0318	150.0583												
Phe	147.0684	120.0808	166.0863											
Pro	97.0528	70.0651	116.0706													
Ser	87.0320	60.0444	106.0499										
Thr	101.0477	74.0601	102.0550	120.0655													
Trp	186.0793	146.0601	159.0917	188.0706													
Tyr	163.0633	136.0757	165.0546	182.0812													
Val	99.0684	72.0808	118.0863									
Arg	156.1011	60.0556	70.0651	112.0869	113.0710	114.1026	115.0866	116.0706	158.0924	175.1190						